clf;
hold on;
t = linspace(0, 2, 200);
f_t = [0, 0.0119394, 0.0217778, 0.0315152, 0.0411516, 0.0506869, 0.0601213, 0.0694547, 0.078687, 0.0878184, 0.0968487, 0.105778, 0.114606, 0.123334, 0.13196, 0.140485, 0.14891, 0.157233, 0.165455, 0.173577, 0.181597, 0.189516, 0.197335, 0.205052, 0.212668, 0.220183, 0.227598, 0.234911, 0.242123, 0.249234, 0.256245, 0.263154, 0.269962, 0.276669, 0.283276, 0.289781, 0.296185, 0.302488, 0.308691, 0.314792, 0.322792, 0.328691, 0.334489, 0.340186, 0.345782, 0.351277, 0.356671, 0.361964, 0.367157, 0.372248, 0.377238, 0.382127, 0.386915, 0.391602, 0.396188, 0.400673, 0.405057, 0.40934, 0.413522, 0.417603, 0.421583, 0.425462, 0.42924, 0.432917, 0.436493, 0.439968, 0.443342, 0.446615, 0.449787, 0.452858, 0.455828, 0.458697, 0.461465, 0.464132, 0.466697, 0.469162, 0.471526, 0.473789, 0.475951, 0.478012, 0.481972, 0.483831, 0.485588, 0.487245, 0.488801, 0.490256, 0.49161, 0.492862, 0.494014, 0.495065, 0.496015, 0.496863, 0.497611, 0.498258, 0.498803, 0.499248, 0.499592, 0.499835, 0.499976, 0.500017, 0.493993, 0.484054, 0.474216, 0.464478, 0.454842, 0.445307, 0.435873, 0.42654, 0.417308, 0.408177, 0.399146, 0.390217, 0.381389, 0.372662, 0.364036, 0.355511, 0.347087, 0.338763, 0.330541, 0.32242, 0.3144, 0.306481, 0.298663, 0.290946, 0.28333, 0.275815, 0.268401, 0.261088, 0.253876, 0.246765, 0.239755, 0.232846, 0.226039, 0.219332, 0.212726, 0.206221, 0.199817, 0.193514, 0.187312, 0.181211, 0.175211, 0.169312, 0.163514, 0.157818, 0.152222, 0.146727, 0.141333, 0.13604, 0.130848, 0.125757, 0.120767, 0.115879, 0.111091, 0.106404, 0.101818, 0.0973333, 0.0929495, 0.0886667, 0.0844849, 0.0804041, 0.0764243, 0.0725457, 0.068768, 0.0650913, 0.0615156, 0.0580409, 0.0546673, 0.0513946, 0.0482229, 0.0451523, 0.0421826, 0.039314, 0.0365463, 0.0338797, 0.0313141, 0.0288495, 0.0264858, 0.0242232, 0.0220616, 0.020001, 0.0180414, 0.0161828, 0.0144252, 0.0127687, 0.0112131, 0.00975851, 0.00840493, 0.00715238, 0.00600081, 0.00495025, 0.00400071, 0.00315216, 0.00240463, 0.0017581, 0.00121256, 0.000768044, 0.000424524, 0.00018201, 0, 0];
plot(t, f_t, 'k');
t = linspace(0, 1, 200);
f_t = [0, 1, 1, 1, 1, 1, 1, 1, 1, 1, 1, 1, 1, 1, 1, 1, 1, 1, 1, 1, 1, 1, 1, 1, 1, 1, 1, 1, 1, 1, 1, 1, 1, 1, 1, 1, 1, 1, 1, 1, 1, 1, 1, 1, 1, 1, 1, 1, 1, 1, 1, 1, 1, 1, 1, 1, 1, 1, 1, 1, 1, 1, 1, 1, 1, 1, 1, 1, 1, 1, 1, 1, 1, 1, 1, 1, 1, 1, 1, 1, 1, 1, 1, 1, 1, 1, 1, 1, 1, 1, 1, 1, 1, 1, 1, 1, 1, 1, 1, 1, 1, 1, 1, 1, 1, 1, 1, 1, 1, 1, 1, 1, 1, 1, 1, 1, 1, 1, 1, 1, 1, 1, 1, 1, 1, 1, 1, 1, 1, 1, 1, 1, 1, 1, 1, 1, 1, 1, 1, 1, 1, 1, 1, 1, 1, 1, 1, 1, 1, 1, 1, 1, 1, 1, 1, 1, 1, 1, 1, 1, 1, 1, 1, 1, 1, 1, 1, 1, 1, 1, 1, 1, 1, 1, 1, 1, 1, 1, 1, 1, 1, 1, 1, 1, 1, 1, 1, 1, 1, 1, 1, 1, 1, 1, 1, 1, 1, 1, 1, 0];
plot(t, f_t, 'r');
t = linspace(0, 1, 200);
f_t = [0, 0.994975, 0.98995, 0.984925, 0.9799, 0.974874, 0.969849, 0.964824, 0.959799, 0.954774, 0.949749, 0.944724, 0.939699, 0.934673, 0.929648, 0.924623, 0.919598, 0.914573, 0.909548, 0.904523, 0.899498, 0.894472, 0.889447, 0.884422, 0.879397, 0.874372, 0.869347, 0.864322, 0.859297, 0.854271, 0.849246, 0.844221, 0.839196, 0.834171, 0.829146, 0.824121, 0.819095, 0.81407, 0.809045, 0.80402, 0.798995, 0.79397, 0.788945, 0.78392, 0.778894, 0.773869, 0.768844, 0.763819, 0.758794, 0.753769, 0.748744, 0.743719, 0.738693, 0.733668, 0.728643, 0.723618, 0.718593, 0.713568, 0.708543, 0.703518, 0.698492, 0.693467, 0.688442, 0.683417, 0.678392, 0.673367, 0.668342, 0.663317, 0.658291, 0.653266, 0.648241, 0.643216, 0.638191, 0.633166, 0.628141, 0.623116, 0.61809, 0.613065, 0.60804, 0.603015, 0.59799, 0.592965, 0.58794, 0.582915, 0.577889, 0.572864, 0.567839, 0.562814, 0.557789, 0.552764, 0.547739, 0.542714, 0.537688, 0.532663, 0.527638, 0.522613, 0.517588, 0.512563, 0.507538, 0.502513, 0.497487, 0.492462, 0.487437, 0.482412, 0.477387, 0.472362, 0.467337, 0.462312, 0.457286, 0.452261, 0.447236, 0.442211, 0.437186, 0.432161, 0.427136, 0.422111, 0.417085, 0.41206, 0.407035, 0.40201, 0.396985, 0.39196, 0.386935, 0.38191, 0.376884, 0.371859, 0.366834, 0.361809, 0.356784, 0.351759, 0.346734, 0.341709, 0.336683, 0.331658, 0.326633, 0.321608, 0.316583, 0.311558, 0.306533, 0.301508, 0.296482, 0.291457, 0.286432, 0.281407, 0.276382, 0.271357, 0.266332, 0.261307, 0.256281, 0.251256, 0.246231, 0.241206, 0.236181, 0.231156, 0.226131, 0.221106, 0.21608, 0.211055, 0.20603, 0.201005, 0.19598, 0.190955, 0.18593, 0.180905, 0.175879, 0.170854, 0.165829, 0.160804, 0.155779, 0.150754, 0.145729, 0.140703, 0.135678, 0.130653, 0.125628, 0.120603, 0.115578, 0.110553, 0.105528, 0.100503, 0.0954774, 0.0904523, 0.0854272, 0.080402, 0.0753769, 0.0703518, 0.0653266, 0.0603015, 0.0552764, 0.0502512, 0.0452262, 0.040201, 0.0351759, 0.0301508, 0.0251256, 0.0201005, 0.0150754, 0.0100502, 0.00502515, 0];
plot(t, f_t, 'g');
